57.149673, -2.094347
57.238106, -2.654002
50.845801, -0.301587
54.718878, -3.271936
53.033115, -1.463585
56.739549, -2.919263
56.120954, -5.460171
50.837568, -0.566942
53.092141, -1.261296
51.146184, 0.875226
51.906406, -0.896876
52.056569, 0.889037
51.544047, 0.133224
51.620694, -0.213945
53.552554, -1.479738
54.108461, -3.218785
51.575952, 0.488659
51.279446, -1.214079
53.339261, -0.958132
51.354269, -2.472640
52.135911, -0.455963
51.460067, 0.142640
52.485476, -1.890536
52.581215, -1.223995
53.702356, -2.469205
53.824173, -3.035533
51.779710, -3.196718
53.231110, -1.289512
53.576840, -2.428093
52.978929, -0.026355
50.743285, -1.889601
51.407595, -0.748389
53.793201, -1.751661
51.880051, 0.550922
52.601023, 0.818002
51.558601, -0.281478
51.620625, 0.307963
51.504153, -3.576654
50.840363, -0.135588
51.460484, -2.578687
52.710882, 1.305320
51.405919, 0.014665
52.335504, -2.061434
51.743235, -0.020826
52.979548, -1.263815
53.788811, -2.240717
53.593330, -2.296342
51.578547, -3.218069
53.720953, -1.979121
52.204798, 0.121751
51.547705, -0.154964
52.710216, -1.984787
51.280075, 1.078759
51.481494, -3.178993
54.892395, -2.933454
51.897429, -4.231887
51.545342, 0.577551
52.018801, -0.421721
52.242816, -4.081658
52.739194, -1.153526
51.735524, 0.468588
51.899079, -2.078180
51.964200, -1.286400
53.166969, -2.329553
53.217767, -2.740087
53.235240, -1.422498
50.837659, -0.775459
51.684377, -0.632954
53.653313, -2.632429
55.951190, -3.190253
56.143603, -3.756410
51.895611, 0.891696
53.282718, -3.829850
54.440015, -3.395257
52.491936, -0.688557
50.324656, -4.989083
51.779190, -1.875124
54.710770, -1.866470
52.406866, -1.519942
54.094404, -2.182518
51.109054, -0.188494
51.376077, -0.098133
51.763795, -0.525217
54.523464, -1.559957
51.445997, 0.216826
52.257791, -1.164233
53.096949, -3.353019
52.912495, -1.473746
53.139841, -1.686389
53.522406, -1.128604
50.806003, -2.313486
51.127276, 1.313201
52.512185, -2.081163
55.071812, -4.022821
56.461890, -2.970825
51.522493, -0.337162
55.481647, -4.273138
52.361521, 0.281268
50.765082, -3.211065
55.953119, -4.223781
51.070129, -0.971227
51.868580, -0.006388
53.257803, 0.038051
55.951065, -2.741409
52.466602, -0.515134
55.757509, -4.370442
53.891756, -0.501680
52.861867, -1.854362
52.104171, 1.337623
50.768048, 0.289790
50.966812, -1.374970
54.620206, -2.648716
51.357291, -0.397400
51.653633, -0.088838
51.701735, 0.136428
51.351297, -0.254731
52.941631, -1.342646
50.718322, -3.533799
56.001458, -3.784113
50.854621, -1.186256
52.565866, 0.069992
56.228392, -3.122968
53.215859, -3.167327
51.047066, 0.981159
51.830707, -2.458338
53.789177, -2.916029
54.951780, -1.604108
52.973392, -1.080060
55.863060, -4.252071
51.863728, -2.237991
50.794864, -1.117571
51.410946, 0.387149
52.597601, 1.727617
51.485687, 0.002313
51.236209, -0.570569
52.951242, -4.043762
51.530097, -0.081818
53.347548, -2.734445
54.311839, -1.388127
51.499388, -0.226316
52.523189, -1.016518
51.590677, -0.109115
51.767748, 0.087719
53.992060, -1.541897
51.580277, -0.342063
51.290252, -0.892228
54.690475, -1.212569
50.854253, 0.573375
50.851814, -0.984935
51.569027, 0.221736
52.112753, -2.726302
51.679077, -0.280534
53.376067, -1.870089
57.648112, -4.852698
51.539566, -0.447071
52.613902, -1.403387
51.062839, -0.325745
51.473688, -0.365525
52.374023, -0.217381
53.763056, -2.390455
55.910850, -4.759189
52.057487, 1.153569
53.285913, -4.372631
50.677737, -1.288106
51.549795, -0.109791
51.502220, -0.196757
52.395964, -0.730398
52.729269, 0.443585
53.765539, -0.332674
51.412389, -0.301002
53.623232, -1.765467
53.424930, -2.829346
51.456988, -0.119920
54.046436, -2.800767
53.800160, -1.549330
52.640640, -1.131445
50.873596, 0.009050
51.449471, -0.019742
52.681552, -1.831823
53.230421, -0.540508
53.409640, -2.914692
51.895958, -0.430684
51.269907, 0.522289
51.731734, 0.671400
52.191939, -2.311970
53.480530, -2.242758
53.146812, -1.198205
51.422296, 0.542719
52.791750, -0.859497
51.201047, -2.555926
51.748624, -3.381646
51.412291, -0.202247
50.874247, -3.564373
52.252099, 1.080142
51.020359, -0.134566
54.574157, -1.235003
55.834752, -3.111781
52.040417, -0.759508
51.216594, -0.328808
51.771228, -2.853330
57.497329, -3.284270
57.759802, -7.019466
51.679738, -3.742233
50.854186, -1.630402
53.131742, -0.933089
54.976715, -1.617678
53.012970, -2.227398
51.528267, 0.037548
51.583573, -2.997736
55.574606, -5.145754
51.075083, -3.922974
53.228754, -1.499023
53.547818, -0.127475
51.963319, -0.194897
53.099432, -0.445459
55.872732, -3.937735
53.606539, -0.582094
52.894522, 1.180708
51.398886, -2.794985
55.025023, -1.502028
52.547490, -1.631795
52.749221, -1.402441
52.240015, -0.902634
55.250358, -2.039432
52.630418, 1.297451
52.954486, -1.158174
52.502041, -1.472621
52.588330, -1.090542
53.540878, -2.111407
59.045657, -2.921548
51.752171, -1.258437
51.842036, -4.937929
53.866745, -2.188678
56.589975, -3.734691
52.569045, -0.240688
50.395646, -4.118751
50.816647, -1.079566
52.381188, -3.401135
53.762984, -2.703216
51.454645, -0.990213
51.583928, 0.071527
54.560416, -1.030800
52.308733, -1.940475
51.247058, -0.192798
55.855301, -4.520516
51.647885, -3.440396
53.909735, -2.452313
51.450171, -0.307322
54.357700, -1.906742
53.609455, -2.156055
51.582012, 0.706514
53.698100, -2.271217
50.944221, 0.535630
53.417398, -1.301042
52.370936, -1.265376
51.394912, -0.542557
52.904038, -1.042516
51.276125, -0.767070
52.664705, -0.660094
54.211589, -0.844850
53.487346, -2.290130
52.516110, -2.014163
54.283011, -0.399679
55.551062, -2.797578
51.181416, -2.970065
53.503374, -2.970672
53.783437, -1.067656
51.272202, 0.188026
53.381447, -1.471473
60.377866, -1.218036
52.632677, -2.720592
51.510311, -0.585749
52.411726, -1.777671
51.012179, -3.164941
55.297091, -4.693151
51.560049, -0.583248
52.167516, 0.016086
52.827810, -1.527622
51.550523, -2.474562
50.376085, -3.812822
52.791686, -0.026550
52.852242, -0.531789
54.330059, -2.868580
55.619094, -3.836829
52.516611, 1.270846
52.125622, -1.062674
51.635407, -1.078807
53.724933, -2.713043
50.991724, -2.717410
52.630347, -2.197206
54.964555, -1.443232
50.919211, -1.401181
51.546950, 0.713270
51.478192, -0.076588
51.428177, -0.475393
51.776627, -0.344568
53.446552, -2.727437
52.841662, -2.172133
53.076889, -1.979773
51.903563, -0.197070
56.116336, -3.936859
53.410572, -2.157422
54.570207, -1.328884
53.002515, -2.179262
52.174035, -1.640830
51.745702, -2.217778
54.892859, -1.431185
51.344778, -0.672990
51.361502, -0.194453
51.340702, 0.796569
51.621318, -3.944232
51.555799, -1.779283
53.477324, -2.066525
52.633444, -1.691014
51.231205, -0.036719
50.608743, -3.659739
52.735098, -2.495974
51.873686, 1.120017
51.134315, -1.519357
51.992184, -2.157817
51.359302, 1.346361
51.664446, -0.472924
51.503698, 0.366807
51.269498, 0.338216
50.456916, -3.565559
51.702982, -3.057363
50.916363, -4.272653
51.518542, -0.036365
53.421671, -2.361573
51.132340, 0.263739
51.947434, 0.274415
51.441583, -3.393458
51.636825, -1.452686
53.683582, -1.506171
52.586004, -1.982959
51.598845, -0.015879
51.453299, -0.190337
53.389891, -2.597564
52.282292, -1.585172
51.656533, -0.390489
51.147610, -0.657213
50.969510, 0.193187
52.302333, -0.694004
51.772919, -0.201071
51.457992, -1.319274
50.662971, -4.058430
55.984308, -4.521138
53.603981, -2.878697
53.388263, -0.496851
55.894730, -3.570514
51.843408, -1.502871
52.283866, 0.624845
51.515202, -0.159477
53.545032, -2.632537
51.307279, -1.953224
51.059731, -1.310127
51.493520, -0.717887
53.370528, -3.078655
51.316822, -0.560131
51.410357, -0.834047
52.586776, -2.128886
52.193236, -2.221472
50.817546, -0.373080
53.043143, -2.992244
52.173237, -2.046967
51.654757, -0.807320
53.896539, -2.856545
52.383730, -2.265513
53.957970, -1.086430
